%YAML:1.0
---
image_width: 300
image_height: 720
camera_matrix: !!opencv-matrix
   rows: 3
   cols: 3
   dt: d
   data: [ 8.7599432902269439e+02, 0., 3.0992987412766064e+00, 0.,
       8.7749493494252738e+02, 3.7134581031403451e+02, 0., 0., 1. ]
distortion_coefficients: !!opencv-matrix
   rows: 1
   cols: 5
   dt: d
   data: [ -3.7536610925697367e-01, -4.2558166914550152e-02,
       5.2716778934600965e-05, 2.0464877412387867e-04,
       1.0730967719363256e+00 ]
