%YAML:1.0
---
image_width: 300
image_height: 720
camera_matrix: !!opencv-matrix
   rows: 3
   cols: 3
   dt: d
   data: [ 6.8287516212826006e+02, 0., 3.6588074855879789e+01, 0.,
       6.8442833721989757e+02, 3.6621590478981693e+02, 0., 0., 1. ]
distortion_coefficients: !!opencv-matrix
   rows: 1
   cols: 5
   dt: d
   data: [ -3.9173067213085272e-01, 2.4807333012779037e-01,
       -7.9398507781028673e-04, -6.1255942453815044e-04,
       -1.0963801585008981e-01 ]
