#Tracking parameters
width: 720
height: 300
dis_per_pixel_eo: 0.002127659574468085
dis_per_pixel_flir: 0.002127659574468085
robot_origin_z_eo: 188.0
robot_origin_z_flir: 188.0
robot_origin_from_ground: 0.85
eo_height: 0.80
flir_height: 0.80
eo_dis: 1.7018
flir_dis: 1.2192