%YAML:1.0
---
K: !!opencv-matrix
   rows: 3
   cols: 3
   dt: d
   data: [ 7.2978671004684634e+02, 0., 3.6296186869516305e+02, 0.,
       7.3129832260846888e+02, 2.6838005997874723e+02, 0., 0., 1. ]
D: !!opencv-matrix
   rows: 1
   cols: 5
   dt: d
   data: [ -3.1358372385915484e-01, -3.8434750260827860e-01,
       3.1341937330579962e-03, 8.3667650156164590e-04,
       1.3003503359598572e+00 ]
